61
0
6
0
1
0 


0
0
0
0
0



0
0
0
0
0



0
0
0
0
0



0
0
0
0
0



0
0
0
0
0



0
0
0
0
0



0
0
0
0
0



0
0
0
0
0



0
0
0
0
0



0
0
0
0
0



0
0
0
0
0



0
0
0
0
0



0
0
0
0
0



0
0
0
0
0



0
0
0
0
0



0
0
0
0
0



0
0
0
0
0



0
0
0
0
0



0
0
0
0
0



0
0
0
0
0



0
0
0
0
0



0
0
0
0
0



0
0
0
0
0



0
0
0
0
0



0
0
0
0
0



0
0
0
0
0



0
0
0
0
0



0
0
0
0
0



0
0
0
0
0



0
0
0
0
0



0
0
0
0
0



0
0
0
0
0



0
0
0
0
0



0
0
0
0
0



0
0
0
0
0



0
0
0
0
0



0
0
0
0
0



0
0
0
0
0



0
0
0
0
0



0
0
0
0
0



0
0
0
0
0



0
0
0
0
0



0
0
0
0
0



0
0
0
0
0



0
0
0
0
0



0
0
0
0
0



0
0
0
0
0



0
0
0
0
0



0
0
0
0
0



0
0
0
0
0



0
0
0
0
0



0
0
0
0
0



0
0
0
0
0



0
0
0
0
0



0
0
0
0
0



0
0
0
0
0



0
0
0
0
0



0
0
0
0
0



0
0
0
0
0



0
60
6
2
4
2 2 2 2 
Preparing
Cash
315934
